0 0.218462 0.706978 0.049296 0.020114
0 0.042308 0.930870 0.054600 0.017125
0 0.197373 0.545046 0.041496 0.015111
0 0.106736 0.579296 0.021840 0.007052
0 0.141095 0.600052 0.029395 0.012203
0 0.711367 0.546156 0.044093 0.014237
0 0.687116 0.547851 0.016168 0.010847
0 0.452196 0.537625 0.027180 0.008358
0 0.523854 0.962747 0.048546 0.018660
0 0.124866 0.823019 0.029347 0.011771
2 0.077569 0.656437 0.024898 0.011484
2 0.525542 0.503479 0.036495 0.015923
2 0.707524 0.439786 0.023672 0.012284
0 0.192650 0.441150 0.023672 0.009554
0 0.377590 0.495290 0.016768 0.007734
0 0.477704 0.490740 0.029590 0.009554
0 0.490527 0.497792 0.031563 0.012739
0 0.028520 0.354136 0.020014 0.006924