2 0.081211 0.722709 0.066191 0.025606
2 0.503979 0.562177 0.049109 0.021667
2 0.733685 0.613882 0.063711 0.030531
2 0.850330 0.767221 0.049109 0.020682
2 0.917589 0.793320 0.064056 0.025606
2 0.823640 0.795290 0.042704 0.021667
1 0.261016 0.811540 0.044839 0.024621
1 0.294112 0.802184 0.055515 0.023637
1 0.679682 0.345231 0.041093 0.023898
2 0.196397 0.129732 0.017866 0.008241
2 0.912387 0.397242 0.031612 0.014581
2 0.950466 0.394259 0.021554 0.011267
0 0.828327 0.412154 0.044545 0.019221
0 0.669302 0.381356 0.033280 0.016159
2 0.870088 0.445882 0.041257 0.016855
0 0.696655 0.215726 0.037969 0.016567
2 0.648786 0.152859 0.021584 0.008657
2 0.610310 0.184890 0.023461 0.011254
1 0.534472 0.193497 0.035888 0.018463
2 0.110592 0.042897 0.032524 0.013271
2 0.093079 0.060207 0.032524 0.016733
2 0.062431 0.047802 0.026270 0.009232
2 0.237561 0.100019 0.018764 0.006347
2 0.461478 0.122233 0.016262 0.009232