0 0.280833 0.725495 0.049204 0.023536
0 0.234363 0.488034 0.032803 0.012609
0 0.525030 0.547294 0.045559 0.015130
0 0.514096 0.558222 0.034625 0.015130
0 0.476738 0.541410 0.029158 0.013449
0 0.660459 0.898920 0.038996 0.017040
0 0.647119 0.931816 0.032838 0.016567
0 0.825164 0.880460 0.048231 0.017987
0 0.715874 0.868626 0.030786 0.012307
0 0.912391 0.773960 0.025655 0.011360
2 0.416224 0.819873 0.034891 0.017987
2 0.784933 0.791943 0.024614 0.014901
2 0.331897 0.578850 0.042076 0.017559
2 0.021107 0.371297 0.017955 0.012104
2 0.286974 0.320015 0.024860 0.012741
2 0.271782 0.350274 0.024860 0.009556
2 0.048730 0.316829 0.026241 0.006370
0 0.358102 0.374163 0.020717 0.007645
0 0.356030 0.366519 0.016574 0.006370
0 0.284212 0.362378 0.024860 0.009556
0 0.041133 0.399645 0.024860 0.007645
0 0.819734 0.304697 0.012712 0.009595
0 0.892303 0.530656 0.024654 0.012569
0 0.975996 0.389709 0.031142 0.015561
2 0.650929 0.554105 0.019057 0.010987
2 0.544528 0.607944 0.025409 0.010255
2 0.860554 0.607944 0.028585 0.007325