1 0.398549 0.256865 0.102575 0.043673
1 0.390659 0.321920 0.110465 0.048222
1 0.726985 0.419275 0.096657 0.037304
1 0.759533 0.454304 0.098629 0.025476
1 0.330495 0.480690 0.072986 0.030935
1 0.829974 0.348277 0.059178 0.028206
1 0.651040 0.393799 0.082849 0.031845
1 0.664849 0.441111 0.071013 0.024566
1 0.643150 0.481600 0.051287 0.023656
1 0.728073 0.372471 0.074668 0.037365
1 0.684400 0.348266 0.039447 0.021444
0 0.510157 0.489799 0.056030 0.030689
0 0.580194 0.493568 0.072372 0.041457
0 0.750557 0.669975 0.054862 0.022075
0 0.649003 0.758274 0.045524 0.025305
0 0.189140 0.200447 0.030801 0.012270
0 0.145039 0.232413 0.032201 0.018082
0 0.180740 0.140713 0.030801 0.014207
1 0.134539 0.090343 0.028001 0.015498
1 0.705756 0.049014 0.056002 0.032288
1 0.983782 0.127152 0.032436 0.023248
1 0.747057 0.121340 0.035001 0.016790
0 0.978882 0.172679 0.042236 0.021310
2 0.483315 0.006401 0.050402 0.012270