2 0.506117 0.668161 0.058803 0.033150
2 0.349309 0.733960 0.050092 0.026118
0 0.150031 0.568208 0.034846 0.012055
0 0.156565 0.590308 0.034846 0.018082
0 0.191411 0.618436 0.034846 0.014064
0 0.171616 0.554054 0.030655 0.011716
0 0.529400 0.538905 0.029779 0.012928
0 0.805159 0.102698 0.000000 0.000000
0 0.832372 0.111270 0.038497 0.019594
0 0.855604 0.095350 0.031860 0.014695
0 0.268187 0.238630 0.022567 0.008572
0 0.314033 0.218063 0.021237 0.008791
0 0.456701 0.188048 0.025593 0.011554
1 0.761318 0.227525 0.049932 0.018425
2 0.672155 0.233776 0.045652 0.019083
2 0.844775 0.225222 0.039945 0.019083
2 0.417503 0.150206 0.024253 0.008554
2 0.503786 0.104344 0.022517 0.009809
2 0.547569 0.113287 0.027520 0.006924
2 0.546318 0.102901 0.022517 0.005770
2 0.539438 0.137521 0.018764 0.011540
1 0.935357 0.093958 0.032524 0.009809
2 0.441732 0.039898 0.033498 0.011146
0 0.828821 0.147266 0.034276 0.015300
2 0.519945 0.277236 0.025880 0.011937
2 0.711171 0.274583 0.028756 0.015916
0 0.481942 0.261365 0.019147 0.007150
0 0.722003 0.460769 0.034353 0.013016
0 0.615877 0.449733 0.040487 0.014714
0 0.028809 0.407574 0.024538 0.009620