1 0.392266 0.277377 0.037178 0.015005
2 0.172914 0.331609 0.024166 0.010289
2 0.189179 0.324964 0.034390 0.014148
2 0.390872 0.304814 0.028813 0.013290
2 0.468017 0.327965 0.034390 0.019292
2 0.504266 0.259371 0.038108 0.015005
0 0.338357 0.291096 0.026025 0.013290
1 0.306756 0.379625 0.027884 0.008574
0 0.703915 0.507250 0.032359 0.021855
2 0.737429 0.505651 0.036981 0.021855
2 0.605225 0.088282 0.020204 0.007766
2 0.588809 0.087506 0.017679 0.008543
2 0.696564 0.094883 0.010944 0.007766
2 0.527355 0.103038 0.019362 0.007766
2 0.540403 0.098960 0.011786 0.005048
2 0.557240 0.152934 0.020204 0.011261
2 0.571551 0.149633 0.018520 0.006213
2 0.679728 0.168660 0.014311 0.006989
2 0.688567 0.158758 0.020204 0.005824
2 0.802636 0.137208 0.021046 0.007766
2 0.816106 0.190405 0.019362 0.009319
0 0.940277 0.190016 0.030306 0.010872
2 0.826208 0.206907 0.017679 0.006601
0 0.346359 0.125365 0.012628 0.006601
0 0.354357 0.128859 0.013469 0.005824
0 0.440605 0.173857 0.015638 0.008244
0 0.385665 0.040821 0.035894 0.011049