2 0.103397 0.959624 0.046453 0.025547
2 0.666187 0.747422 0.050026 0.021426
2 0.689413 0.632874 0.053599 0.016482
0 0.611695 0.691384 0.051812 0.023074
0 0.850329 0.955964 0.040108 0.016818
2 0.953714 0.904042 0.059484 0.034657
2 0.898926 0.850612 0.046961 0.023105
0 0.784777 0.598268 0.027893 0.019728
0 0.806162 0.591835 0.044629 0.017154
0 0.583913 0.497703 0.026230 0.006515
1 0.506232 0.442794 0.028248 0.010237
2 0.007216 0.524972 0.014432 0.010245
2 0.674752 0.313858 0.029244 0.016831
2 0.812432 0.318614 0.025384 0.010245
0 0.573192 0.275953 0.048963 0.015615
0 0.640318 0.254396 0.040123 0.012861
0 0.791067 0.330593 0.018760 0.009782
0 0.823285 0.340751 0.024470 0.007524
0 0.688703 0.375927 0.021207 0.009405
0 0.711133 0.376868 0.020391 0.009029
2 0.615295 0.403015 0.026101 0.012415
2 0.641803 0.400382 0.028548 0.009405
2 0.920165 0.444113 0.031740 0.013125
2 0.928921 0.462034 0.025173 0.011611
2 0.836391 0.396611 0.034841 0.013186
2 0.969503 0.418244 0.040202 0.015246