2 0.344240 0.829691 0.035024 0.018463
0 0.163185 0.496131 0.029552 0.011479
0 0.453262 0.556394 0.040440 0.014348
0 0.410490 0.551372 0.032663 0.015783
0 0.443153 0.566079 0.038884 0.013631
0 0.207270 0.731850 0.058949 0.022942
0 0.760511 0.886999 0.052904 0.019965
0 0.648091 0.875630 0.037273 0.014974
0 0.629909 0.788229 0.028143 0.012981
0 0.312695 0.767435 0.028255 0.011636
0 0.933789 0.664705 0.040241 0.019489
0 0.901805 0.398148 0.029934 0.011406
0 0.906360 0.504102 0.028632 0.013207
0 0.214630 0.370835 0.022125 0.009605
0 0.290766 0.384041 0.028632 0.009605
0 0.239358 0.298198 0.019522 0.007204
0 0.743349 0.312594 0.021981 0.010139
2 0.200137 0.359717 0.025621 0.008768
2 0.210468 0.326741 0.023142 0.009912