0 0.097503 0.469603 0.045982 0.021872
0 0.121931 0.424202 0.048855 0.021209
0 0.156417 0.407301 0.045982 0.021872
0 0.398539 0.378802 0.027302 0.017895
0 0.435899 0.379133 0.035923 0.023860
1 0.253409 0.419563 0.035923 0.019883
2 0.263468 0.548805 0.058914 0.025186
2 0.477570 0.339035 0.038797 0.017895
2 0.671554 0.332407 0.047419 0.017895
0 0.630085 0.736880 0.065673 0.033132
0 0.844548 0.691916 0.026680 0.017039
0 0.369445 0.626600 0.036941 0.015146
0 0.595126 0.153694 0.029004 0.012104
0 0.714594 0.177265 0.030385 0.014652
0 0.922453 0.070241 0.023479 0.008282
2 0.843142 0.048264 0.039280 0.012294
2 0.574497 0.198706 0.029460 0.010353
2 0.993350 0.128564 0.013301 0.011224
2 0.020869 0.579436 0.039773 0.028001
2 0.335915 0.553849 0.041867 0.021242