2 0.767887 0.526579 0.032817 0.027689
2 0.792157 0.537860 0.036235 0.029740
2 0.824291 0.556319 0.032133 0.027689
2 0.842066 0.544526 0.037603 0.025638
2 0.645508 0.525041 0.038286 0.026664
2 0.515639 0.431859 0.038484 0.028863
2 0.696351 0.410748 0.043710 0.024943
2 0.642664 0.382598 0.040859 0.019954
2 0.613684 0.346880 0.033785 0.025339
1 0.565645 0.351235 0.032729 0.018212
2 0.576203 0.369051 0.028506 0.019004
1 0.403054 0.418542 0.024283 0.015045
0 0.537421 0.689167 0.045184 0.035099
1 0.049479 0.817228 0.037607 0.026386
1 0.166547 0.719873 0.033968 0.028206