2 0.454320 0.337100 0.020366 0.027155
2 0.471612 0.318399 0.021135 0.027667
2 0.511576 0.372196 0.018829 0.029716
2 0.530405 0.351446 0.016523 0.023056
2 0.587276 0.305591 0.017292 0.025618
2 0.341950 0.464643 0.018236 0.024314
2 0.361866 0.474881 0.020635 0.026874
2 0.358986 0.498555 0.025434 0.023035
0 0.240141 0.782615 0.018206 0.022408
2 0.336774 0.713525 0.025675 0.033611
2 0.368985 0.697653 0.027543 0.034234
2 0.556340 0.619213 0.016095 0.026509
0 0.863498 0.500900 0.009507 0.013204
0 0.872015 0.524403 0.012280 0.019014
2 0.901922 0.518065 0.020599 0.021127