2 0.122284 0.614036 0.039056 0.048355
2 0.176336 0.622405 0.041149 0.053935
2 0.582242 0.616360 0.021620 0.025108
2 0.517381 0.763752 0.025805 0.035337
2 0.540396 0.760962 0.023015 0.039056
2 0.573176 0.778165 0.024410 0.025108
2 0.557483 0.795369 0.022318 0.027897
2 0.595866 0.455661 0.017239 0.023661
1 0.653920 0.425578 0.018760 0.025689
2 0.672427 0.555039 0.022309 0.030422
2 0.428905 0.484856 0.031635 0.043634
2 0.555445 0.612487 0.020726 0.029817
1 0.437086 0.559035 0.020726 0.021817
1 0.474721 0.572125 0.015272 0.021817
0 0.808422 0.495034 0.024544 0.027635
1 0.779586 0.249777 0.020179 0.029245
2 0.757214 0.244805 0.024566 0.025150
2 0.730674 0.255918 0.015353 0.021641
0 0.654345 0.163213 0.023250 0.022226