2 0.259402 0.408688 0.044480 0.019624
2 0.668425 0.321270 0.034810 0.014272
2 0.989892 0.291833 0.020216 0.017840
2 0.987126 0.245731 0.025748 0.018983
1 0.493064 0.686787 0.062858 0.025212
0 0.254513 0.597462 0.032461 0.014972
0 0.221069 0.390187 0.036656 0.021006
0 0.258280 0.448596 0.035545 0.016908
2 0.093202 0.333626 0.024083 0.009720
2 0.142873 0.351330 0.018062 0.009025
0 0.415908 0.254258 0.022935 0.007640
0 0.535680 0.262780 0.025483 0.012930
0 0.347741 0.308033 0.026757 0.011754
0 0.944471 0.467902 0.047714 0.016726