0 0.173861 0.481224 0.047584 0.024038
0 0.206716 0.466070 0.045318 0.014632
0 0.455963 0.431580 0.027191 0.018813
0 0.495616 0.435238 0.038520 0.019858
0 0.679069 0.793064 0.083714 0.030339
0 0.768766 0.232204 0.027075 0.014272
1 0.314340 0.471019 0.042835 0.020489
2 0.048732 0.632726 0.069778 0.024612
2 0.093882 0.627046 0.045150 0.011359
2 0.308346 0.601488 0.055412 0.020826
2 0.375045 0.607167 0.045150 0.017039
0 0.421525 0.682981 0.043737 0.015971
2 0.899343 0.103421 0.036597 0.015474
0 0.974062 0.127335 0.021348 0.009847
0 0.951189 0.134016 0.018299 0.006330