2 0.658166 0.650377 0.063976 0.022520
2 0.525163 0.476817 0.047140 0.013978
1 0.780226 0.450803 0.045457 0.016308
1 0.802113 0.672509 0.048824 0.018637
2 0.946901 0.692311 0.048824 0.027179
0 0.640024 0.761269 0.042044 0.017197
0 0.669376 0.775539 0.038871 0.016466
0 0.891495 0.812312 0.048390 0.021222
0 0.916087 0.829326 0.042044 0.013538
0 0.807676 0.867673 0.040437 0.016320
2 0.661544 0.966867 0.087101 0.038023
1 0.318156 0.490707 0.040676 0.014924
0 0.726220 0.324900 0.028170 0.013458
2 0.917877 0.348798 0.027164 0.011137
2 0.938129 0.226714 0.031209 0.015462