0 0.165166 0.209907 0.012219 0.006148
0 0.171831 0.203502 0.016662 0.006661
0 0.162944 0.249614 0.021105 0.006661
0 0.512843 0.275744 0.036656 0.021006
0 0.569493 0.356952 0.027770 0.012296
0 0.551165 0.179166 0.017773 0.007173
0 0.561718 0.183521 0.016662 0.007685
0 0.305125 0.201197 0.021105 0.008198
0 0.314012 0.211444 0.021105 0.012296
0 0.880514 0.150218 0.023327 0.011784
0 0.898842 0.154573 0.024437 0.010247
0 0.943274 0.157903 0.015551 0.010759
0 0.934943 0.165332 0.018883 0.010247
1 0.536587 0.456897 0.030498 0.010550
2 0.395536 0.400981 0.053371 0.015474
2 0.709660 0.394650 0.053371 0.022507
2 0.785936 0.203536 0.029469 0.009243
2 0.805975 0.202176 0.017682 0.011962
2 0.925621 0.221750 0.033006 0.009787
2 0.939766 0.209245 0.025933 0.009787
2 0.760003 0.324783 0.048330 0.023380
1 0.630337 0.343270 0.038900 0.015768
2 0.622675 0.372630 0.042436 0.013593
2 0.589669 0.388670 0.042436 0.021748
2 0.832069 0.136317 0.035233 0.014774
0 0.591846 0.089042 0.035233 0.013789
0 0.583839 0.115880 0.014947 0.007387
0 0.278507 0.110596 0.016015 0.013561
2 0.755691 0.154722 0.017082 0.012311
2 0.768503 0.149797 0.023488 0.007387
2 0.785052 0.158169 0.022421 0.007387