0 0.200366 0.617983 0.041281 0.015579
0 0.164089 0.592019 0.041281 0.016733
0 0.180352 0.555091 0.041281 0.016733
0 0.154708 0.571247 0.035026 0.014425
0 0.536241 0.539224 0.035026 0.013848
2 0.506072 0.668134 0.040629 0.023425
2 0.363870 0.733256 0.044692 0.018740
2 0.762035 0.602075 0.052818 0.016866
0 0.550764 0.660638 0.040629 0.019677
2 0.514297 0.276219 0.048329 0.019720
2 0.715049 0.276219 0.029741 0.014575
2 0.679732 0.234207 0.044612 0.012861
2 0.847955 0.223061 0.050188 0.018005
1 0.766167 0.225633 0.042753 0.018005
1 0.940686 0.093674 0.031860 0.016532
2 0.509250 0.106226 0.026550 0.007348
2 0.424954 0.151537 0.022567 0.009797
2 0.551730 0.110206 0.026550 0.011634
2 0.548411 0.135617 0.025222 0.011022
0 0.464779 0.187969 0.027877 0.012858
0 0.842452 0.111430 0.042480 0.017757
0 0.856390 0.096735 0.033187 0.012858
0 0.878089 0.074645 0.028604 0.012284
0 0.604377 0.078057 0.019727 0.005459
1 0.447054 0.040978 0.026631 0.009554
1 0.505249 0.063953 0.018741 0.007279
0 0.276925 0.237734 0.028108 0.008798