2 0.372723 0.287287 0.058936 0.021747
2 0.561317 0.393305 0.044791 0.018485
2 0.694512 0.416140 0.056578 0.027184
2 0.731052 0.376451 0.054221 0.019573
2 0.903144 0.447130 0.068365 0.028271
1 0.814741 0.484100 0.056578 0.019573
1 0.936455 0.168452 0.043449 0.027114
2 0.434074 0.068591 0.047800 0.015874
0 0.924499 0.011267 0.038240 0.014110
0 0.945531 0.019204 0.038240 0.014110
2 0.552413 0.053224 0.031659 0.013908
2 0.771767 0.024366 0.036182 0.018775
2 0.988400 0.055657 0.023200 0.013212
0 0.317211 0.345304 0.043692 0.019406