1 0.041682 0.877777 0.083364 0.037335
0 0.137326 0.897859 0.046603 0.027718
2 0.141005 0.878909 0.056414 0.013576
2 0.036024 0.941467 0.072048 0.036516
0 0.247330 0.954986 0.070421 0.029698
0 0.928406 0.963803 0.040241 0.023201
0 0.887159 0.989788 0.034205 0.017633
0 0.761406 0.733181 0.052313 0.020417
2 0.911180 0.605569 0.039651 0.017636
2 0.477730 0.375433 0.032570 0.016329
2 0.127246 0.305217 0.028322 0.010451
2 0.149196 0.314034 0.026906 0.011104
2 0.109545 0.275497 0.038235 0.012410
2 0.088303 0.255575 0.026906 0.010451
2 0.550659 0.224223 0.028322 0.007838
2 0.864324 0.358777 0.024074 0.011757
2 0.951414 0.312728 0.025490 0.007185
2 0.987524 0.410051 0.021241 0.017636
2 0.531541 0.357144 0.024074 0.009798
2 0.464985 0.318280 0.026906 0.010451
2 0.447992 0.299991 0.021241 0.007838
1 0.076975 0.323179 0.032570 0.012410
0 0.454691 0.355718 0.026971 0.013397
0 0.451060 0.404284 0.025934 0.017704
0 0.488405 0.436102 0.019710 0.008613
0 0.173052 0.443040 0.030083 0.014833
0 0.886164 0.504473 0.028540 0.010239
0 0.829877 0.298971 0.026954 0.008776
0 0.734746 0.289829 0.023783 0.009507
2 0.066116 0.060088 0.017507 0.008479
0 0.052986 0.049995 0.014005 0.005249
2 0.205730 0.098646 0.016631 0.007267
2 0.793600 0.846094 0.032387 0.021802
0 0.197108 0.684567 0.027135 0.010497