2 0.251117 0.064887 0.017347 0.011314
2 0.270727 0.081292 0.023381 0.016970
2 0.360104 0.068847 0.030169 0.021496
2 0.294108 0.169255 0.033941 0.026587
2 0.404969 0.169980 0.030319 0.021427
2 0.521579 0.195999 0.025654 0.015742
2 0.530617 0.209117 0.026237 0.020990
2 0.556562 0.208680 0.026820 0.014868
2 0.572305 0.204307 0.019824 0.017491
2 0.309549 0.218355 0.017549 0.014957
0 0.013014 0.315481 0.026028 0.023561
0 0.016491 0.344090 0.032536 0.020195
1 0.164305 0.428093 0.032480 0.025442
1 0.083997 0.585738 0.019391 0.014947