2 0.259410 0.724849 0.048189 0.041294
2 0.206192 0.739698 0.060660 0.048172
2 0.185972 0.694872 0.059471 0.041481
2 0.133637 0.690858 0.047577 0.033452
2 0.138741 0.498435 0.034800 0.031517
2 0.294358 0.534384 0.043993 0.032502
2 0.362973 0.551128 0.057782 0.036442
2 0.472299 0.428506 0.061065 0.042351
1 0.171244 0.481445 0.026264 0.017236
1 0.204402 0.518133 0.037427 0.026593
0 0.103418 0.374622 0.036285 0.022678
0 0.079228 0.320194 0.038704 0.022678
0 0.533399 0.367818 0.044752 0.021771
1 0.511023 0.331590 0.048380 0.030956
0 0.621144 0.156915 0.065096 0.042826
1 0.765040 0.122226 0.035403 0.029978
2 0.681672 0.137215 0.030835 0.025696
2 0.716503 0.114517 0.050249 0.026552
2 0.773034 0.141498 0.026267 0.029122