2 0.316435 0.722016 0.026606 0.020882
2 0.340256 0.724104 0.024749 0.018562
2 0.349537 0.748699 0.028462 0.021346
2 0.373668 0.742434 0.027224 0.019026
2 0.396561 0.637094 0.024749 0.017170
2 0.435851 0.649392 0.025368 0.016706
2 0.483686 0.622579 0.025058 0.018157
1 0.511801 0.607686 0.021661 0.011786
0 0.311121 0.556561 0.015290 0.010830
2 0.318341 0.589689 0.023784 0.014016
2 0.506704 0.549871 0.019112 0.014016
1 0.526029 0.542863 0.022935 0.016564
0 0.568778 0.381191 0.020387 0.014016
2 0.635671 0.444262 0.021661 0.014653
2 0.612099 0.449359 0.011043 0.010193
1 0.667313 0.449040 0.022085 0.012105
2 0.148339 0.556045 0.027051 0.020288