2 0.353575 0.634804 0.022412 0.015309
2 0.349572 0.658067 0.017610 0.017410
2 0.405804 0.643959 0.027615 0.017410
2 0.416610 0.614993 0.023613 0.017110
2 0.536076 0.596682 0.028816 0.027916
2 0.581902 0.605837 0.014808 0.012607
2 0.603914 0.611841 0.020411 0.018010
2 0.568094 0.633603 0.019211 0.021312
2 0.301099 0.555951 0.009099 0.013649
0 0.264702 0.534990 0.000000 0.000000
0 0.275751 0.545958 0.033797 0.021936
2 0.440483 0.465509 0.026285 0.020151
0 0.218352 0.247837 0.046833 0.025612
0 0.272991 0.245642 0.040979 0.024148
2 0.347609 0.411674 0.017630 0.014875